3537 125 126
3545 126 127
3553 170 172
3557  75  76
3569 366 367
3589 112 111
3593  47  50
3613 230 231
3617  23  22
3621 311 310
3629 125 126
3633 264 263
3681 237 240
3685 323 322
3701 360 362
3737  73  74
3745 172 173
3753 362 363
3757  16  15
3761  55  54
3773 200 177
3777 331 332
3785  55  56
3789 100  76
3793 306 307
3797 323 321
3805  76  74
3821 270 267
3841 345 344
3845 230 227
3853 234 233
3857   6   4
3865   1   0
3869 242 241
3873 236 235
3877 302 300
3881 171 170
3885 150 147
3893 301 300
3901  24  22
3909  40  37
3913 273 271
3917  72  70
3921 314 313
3925  70  66
3929 327 326
3933  70  66
3941   6   2
3949  54  51
3953 255 254
3989 200 176
3997  25  24
4005 102 101
4009 141 140
4013 242 240
4017 362 363
4021 260 256
4025   6   7
4029 247 245
4037 200 176
4045 270 267
4053   0   1
4065  64  65
4069  56  57
4077 127 131
4085 244 245
4093 240 241
